atom_index,atom_label,symbol,atomic_number,frac_x,frac_y,frac_z,x,y,z,structure_id,relative_cif_path,z_rank,layer_label,layer_name
54,H55,H,1,0.1617175314439036,0.3919763804124706,0.0341582681343093,3.5553882831699184,7.204077092359023,0.9331874074327374,L340_D3.6_U340,r340/t3.6/t3.6_340.cif,0,0,lower
90,H91,H,1,0.6615859416148597,0.3918575206695701,0.0342074594539335,12.924374297612957,7.201928863295737,0.9345312905549112,L340_D3.6_U340,r340/t3.6/t3.6_340.cif,1,0,lower
53,H54,H,1,0.0655141936863899,0.3953487887992455,0.0392066604670585,1.7629192003319982,7.26895450839467,1.0711070506118836,L340_D3.6_U340,r340/t3.6/t3.6_340.cif,2,0,lower
89,H90,H,1,0.5653794255875438,0.3954167919262264,0.0393917999342539,11.1322507738709,7.2703135034941555,1.0761649715441226,L340_D3.6_U340,r340/t3.6/t3.6_340.cif,3,0,lower
50,H51,H,1,0.1381698986098725,0.2615506521610897,0.0433017990087953,2.966173487017956,4.819495652463231,1.1829842600715406,L340_D3.6_U340,r340/t3.6/t3.6_340.cif,4,0,lower
86,H87,H,1,0.6378317340034327,0.2615051871465388,0.0433747055045215,12.331408288672344,4.818706885257982,1.1849760303645862,L340_D3.6_U340,r340/t3.6/t3.6_340.cif,5,0,lower
5,C6,C,6,0.1148624200707869,0.3787618843844137,0.0578663276838265,2.691742513194441,6.976354079931659,1.5808801575242746,L340_D3.6_U340,r340/t3.6/t3.6_340.cif,6,0,lower
29,C30,C,6,0.6147682602792433,0.3787307044961789,0.0579772577815481,12.061617516851372,6.975850262329463,1.583910714281196,L340_D3.6_U340,r340/t3.6/t3.6_340.cif,7,0,lower
2,C3,C,6,0.119565742790832,0.2984186214390606,0.0727979554854877,2.700873664173935,5.5130983355374585,1.988805026027408,L340_D3.6_U340,r340/t3.6/t3.6_340.cif,8,0,lower
26,C27,C,6,0.6193791919452801,0.2983696321633414,0.0729071621729271,12.068992931928683,5.512267097346887,1.9917885000467923,L340_D3.6_U340,r340/t3.6/t3.6_340.cif,9,0,lower
99,H100,H,1,0.9370446658938916,0.2305591698262109,0.0755067059660246,17.943350074675372,4.271171933002844,2.062806782450634,L340_D3.6_U340,r340/t3.6/t3.6_340.cif,10,0,lower
63,H64,H,1,0.4368420220005326,0.230996005215131,0.0755277978829768,8.568580027611354,4.279190125944914,2.0633830034469978,L340_D3.6_U340,r340/t3.6/t3.6_340.cif,11,0,lower
143,O144,O,8,0.88504511050292,0.2315777741116146,0.0809478787721981,16.97702243753798,4.293153360574548,2.2114569986858768,L340_D3.6_U340,r340/t3.6/t3.6_340.cif,12,0,lower
125,O126,O,8,0.3848553812667077,0.2319437506497561,0.0810494289144659,7.602512017829289,4.299922025222595,2.214231299584704,L340_D3.6_U340,r340/t3.6/t3.6_340.cif,13,0,lower
120,O121,O,8,0.0513957053284394,0.2736554036198151,0.0910369811241509,1.4164860379574238,5.070404434463939,2.487086407944062,L340_D3.6_U340,r340/t3.6/t3.6_340.cif,14,0,lower
138,O139,O,8,0.5512566425636823,0.2736506197870406,0.0912567762195753,10.78569292452504,5.070450664590898,2.4930911039215937,L340_D3.6_U340,r340/t3.6/t3.6_340.cif,15,0,lower
140,O141,O,8,0.7426967911572016,0.3010879768822542,0.1009422498370617,14.420028399091494,5.579161618120389,2.7576935708652286,L340_D3.6_U340,r340/t3.6/t3.6_340.cif,16,0,lower
122,O123,O,8,0.2427330548742095,0.3015078853644951,0.1011666150219824,5.049979093879719,5.586993445062419,2.7638231194831806,L340_D3.6_U340,r340/t3.6/t3.6_340.cif,17,0,lower
121,O122,O,8,0.11537613772543,0.4172282076571087,0.1033313991686622,2.8074364112597814,7.70897597129294,2.822963978075556,L340_D3.6_U340,r340/t3.6/t3.6_340.cif,18,0,lower
139,O140,O,8,0.6155004613737598,0.4171831142899401,0.1034441092900465,12.181391735091688,7.708218262883701,2.826043164220254,L340_D3.6_U340,r340/t3.6/t3.6_340.cif,19,0,lower
92,H93,H,1,0.8724210412989879,0.3330844824519143,0.1142920811182794,16.907953644745007,6.1736547673537645,3.122404521490709,L340_D3.6_U340,r340/t3.6/t3.6_340.cif,20,0,lower
56,H57,H,1,0.372317919384467,0.3332513329352209,0.114703880402984,7.535225002138337,6.176963295625873,3.1336546792962823,L340_D3.6_U340,r340/t3.6/t3.6_340.cif,21,0,lower
1,C2,C,6,0.1685831359010506,0.2969643146770678,0.1161177274934637,3.674006991155317,5.512837130064486,3.1722802997663626,L340_D3.6_U340,r340/t3.6/t3.6_340.cif,22,0,lower
25,C26,C,6,0.6685695931260909,0.2967945574570081,0.1161282038572206,13.045093035019589,5.509732580790429,3.17256650897039,L340_D3.6_U340,r340/t3.6/t3.6_340.cif,23,0,lower
31,C32,C,6,0.8659195728734347,0.2745629842647433,0.1225637421427396,16.725158467321407,5.106242414689627,3.348382310418048,L340_D3.6_U340,r340/t3.6/t3.6_340.cif,24,0,lower
88,H89,H,1,0.9765657944473708,0.3486727401822964,0.1226792851930597,18.889911704655088,6.464430981168942,3.3515388908146644,L340_D3.6_U340,r340/t3.6/t3.6_340.cif,25,0,lower
7,C8,C,6,0.3658198087502145,0.2746834774224828,0.1228062479686664,7.352216448573309,5.108598277063101,3.355007452597218,L340_D3.6_U340,r340/t3.6/t3.6_340.cif,26,0,lower
52,H53,H,1,0.4765821955449373,0.3487602425129638,0.1229555292264639,9.519150330849133,6.466202814370815,3.3590857445467543,L340_D3.6_U340,r340/t3.6/t3.6_340.cif,27,0,lower
4,C5,C,6,0.0172832214476778,0.3066693274705602,0.134167356550051,0.8734740687318586,5.701684640621193,3.665387458425883,L340_D3.6_U340,r340/t3.6/t3.6_340.cif,28,0,lower
28,C29,C,6,0.5172565087473086,0.3066774074297669,0.1344104649975691,10.244832726239723,5.701980811933511,3.672029063936221,L340_D3.6_U340,r340/t3.6/t3.6_340.cif,29,0,lower
30,C31,C,6,0.7861994200904752,0.2682215698899924,0.1365157810611893,15.241285861442298,4.9985306055711085,3.729545283186895,L340_D3.6_U340,r340/t3.6/t3.6_340.cif,30,0,lower
6,C7,C,6,0.2860927636627366,0.2682121195251714,0.1366566964699349,5.867923788477372,4.9984432649975625,3.7333950241760334,L340_D3.6_U340,r340/t3.6/t3.6_340.cif,31,0,lower
49,H50,H,1,0.1618591360706061,0.2475205103322581,0.1389007677575284,3.5169759326033008,4.620620711080124,3.794701969209942,L340_D3.6_U340,r340/t3.6/t3.6_340.cif,32,0,lower
85,H86,H,1,0.6618557081471605,0.247358214422718,0.1389228804564251,12.888275787050423,4.617659984818842,3.795306077476604,L340_D3.6_U340,r340/t3.6/t3.6_340.cif,33,0,lower
0,C1,C,6,0.1350011760971174,0.3650478147266198,0.1415165652840883,3.1608897591836227,6.7759923257153085,3.866164295771152,L340_D3.6_U340,r340/t3.6/t3.6_340.cif,34,0,lower
24,C25,C,6,0.6351244189958857,0.3649208823345484,0.1415971006669007,12.534682882789118,6.7737152537277145,3.868364483579205,L340_D3.6_U340,r340/t3.6/t3.6_340.cif,35,0,lower
55,H56,H,1,0.2748757620712357,0.2097182050694088,0.1419516643891244,5.592918597306915,3.92972302611452,3.87805099342832,L340_D3.6_U340,r340/t3.6/t3.6_340.cif,36,0,lower
91,H92,H,1,0.7749597407293336,0.209789094900975,0.142173206730926,14.966400899214062,3.931157098652097,3.8841034233340026,L340_D3.6_U340,r340/t3.6/t3.6_340.cif,37,0,lower
144,O145,O,8,0.985211804822108,0.2479645573043034,0.1593004339044731,18.976129722734008,4.641185537504953,4.352011007516829,L340_D3.6_U340,r340/t3.6/t3.6_340.cif,38,0,lower
126,O127,O,8,0.4851657691833152,0.2480606306660071,0.1595773959627391,9.6042095200166,4.643114878846784,4.359577477341771,L340_D3.6_U340,r340/t3.6/t3.6_340.cif,39,0,lower
48,H49,H,1,0.1709554602389221,0.3899960950044297,0.1655972222762101,3.896562909180305,7.247858473984954,4.524036228253119,L340_D3.6_U340,r340/t3.6/t3.6_340.cif,40,0,lower
84,H85,H,1,0.671147904543167,0.3898128763307924,0.1656485854236101,13.271546321007454,7.244532141162569,4.525439444662432,L340_D3.6_U340,r340/t3.6/t3.6_340.cif,41,0,lower
32,C33,C,6,0.9085915184412738,0.2478577091140914,0.1672559178235017,17.55021643577424,4.644073883949559,4.569350990448058,L340_D3.6_U340,r340/t3.6/t3.6_340.cif,42,0,lower
8,C9,C,6,0.4085227723819609,0.2476165161743313,0.1673804724381841,8.177259913935261,4.63972971588484,4.572753762435863,L340_D3.6_U340,r340/t3.6/t3.6_340.cif,43,0,lower
3,C4,C,6,0.0671470342010619,0.342378859023676,0.1694562004652421,1.8975675214655536,6.377586924997263,4.629461650800967,L340_D3.6_U340,r340/t3.6/t3.6_340.cif,44,0,lower
27,C28,C,6,0.5672847426634102,0.3423093981086863,0.169631308458495,11.271824796385667,6.376420674883783,4.6342455167042935,L340_D3.6_U340,r340/t3.6/t3.6_340.cif,45,0,lower
57,H58,H,1,0.4003039623745785,0.1889256699821687,0.1723690402909151,7.957811527459178,3.567213895089393,4.709039029680322,L340_D3.6_U340,r340/t3.6/t3.6_340.cif,46,0,lower
93,H94,H,1,0.9001970242295932,0.1892566593986927,0.1725928575616347,17.328036926934665,3.573415878095028,4.715153609546616,L340_D3.6_U340,r340/t3.6/t3.6_340.cif,47,0,lower
142,O143,O,8,0.7682177303825163,0.3056191803801055,0.1813065507478386,15.008135898090416,5.711156735001311,4.953207503895857,L340_D3.6_U340,r340/t3.6/t3.6_340.cif,48,0,lower
124,O125,O,8,0.2679524537129853,0.305029732375433,0.181637196669806,5.631336584722919,5.700556074772395,4.962240590979948,L340_D3.6_U340,r340/t3.6/t3.6_340.cif,49,0,lower
51,H52,H,1,0.036482534499893,0.3907890101746566,0.1843457607390761,1.401412122942752,7.273810723310693,5.0362372547372924,L340_D3.6_U340,r340/t3.6/t3.6_340.cif,50,0,lower
87,H88,H,1,0.5367326237209215,0.3907708206720668,0.1845505696472018,10.777877061021783,7.273602154771725,5.041832535307179,L340_D3.6_U340,r340/t3.6/t3.6_340.cif,51,0,lower
100,H101,H,1,0.854804475269074,0.3865638486675229,0.1953170279766879,16.748329865213694,7.203065008932468,5.335966983114099,L340_D3.6_U340,r340/t3.6/t3.6_340.cif,52,0,lower
64,H65,H,1,0.3544897626760751,0.3857956363912204,0.1963676900134967,7.371318789408154,7.1896269846271,5.364670563118873,L340_D3.6_U340,r340/t3.6/t3.6_340.cif,53,0,lower
123,O124,O,8,0.0880349623581452,0.2938532153926078,0.2087175770954826,2.2805625007900407,5.512234985873124,5.702063520595827,L340_D3.6_U340,r340/t3.6/t3.6_340.cif,54,0,lower
141,O142,O,8,0.5882904183917554,0.293798748197952,0.2088857979660132,11.657036156221944,5.511339311613032,5.7066592336287405,L340_D3.6_U340,r340/t3.6/t3.6_340.cif,55,0,lower
58,H59,H,1,0.0514880956851799,0.2580367000790749,0.2121958253968484,1.5562123667657757,4.857988765869568,5.79708758627727,L340_D3.6_U340,r340/t3.6/t3.6_340.cif,56,0,lower
94,H95,H,1,0.5516164726661806,0.2581331512450164,0.2125118796614931,10.930680696353988,4.859948845445187,5.805722036322341,L340_D3.6_U340,r340/t3.6/t3.6_340.cif,57,0,lower
145,O146,O,8,0.8944023240428358,0.3625311416443281,0.2128668122170342,17.48384384765202,6.773338398353463,5.81541862251976,L340_D3.6_U340,r340/t3.6/t3.6_340.cif,58,0,lower
127,O128,O,8,0.3939058595553766,0.3614853932206775,0.2139577276821985,8.103138518432923,6.754838833145068,5.845221906768892,L340_D3.6_U340,r340/t3.6/t3.6_340.cif,59,0,lower
33,C34,C,6,0.8825849258177442,0.2862660344155385,0.2147629007641642,17.171415311692666,5.376876835212102,5.867218846951568,L340_D3.6_U340,r340/t3.6/t3.6_340.cif,60,0,lower
9,C10,C,6,0.3822886251732869,0.2852354315864426,0.2151333374175718,7.793545883574795,5.358215914325141,5.8773389976235,L340_D3.6_U340,r340/t3.6/t3.6_340.cif,61,0,lower
34,C35,C,6,0.8031480110129883,0.2725705343990742,0.2227600455691087,15.6761233312299,5.130768083102102,6.085696985188749,L340_D3.6_U340,r340/t3.6/t3.6_340.cif,62,0,lower
10,C11,C,6,0.3028952559053658,0.2714790501516141,0.2229406760093957,6.298749381315606,5.110875834947222,6.090631721681013,L340_D3.6_U340,r340/t3.6/t3.6_340.cif,63,0,lower
60,H61,H,1,0.2962472912252375,0.2119894341106149,0.2237834093122744,6.102388897777367,4.021196331839455,6.113654788979929,L340_D3.6_U340,r340/t3.6/t3.6_340.cif,64,0,lower
96,H97,H,1,0.7966087372541695,0.2130547531534356,0.2238763182284666,15.48212273855208,4.040775720668959,6.116193015750908,L340_D3.6_U340,r340/t3.6/t3.6_340.cif,65,0,lower
95,H96,H,1,0.9136559146364625,0.2624390960648573,0.2451146557844232,17.763963594464553,4.95871995882316,6.696414152375732,L340_D3.6_U340,r340/t3.6/t3.6_340.cif,66,0,lower
59,H60,H,1,0.4132890773927946,0.2609203889317332,0.2453714495062752,8.384026994465817,4.931044921371626,6.703429632979075,L340_D3.6_U340,r340/t3.6/t3.6_340.cif,67,0,lower
65,H66,H,1,0.1640958518548234,0.2909024178525363,0.2509852633544009,3.757376983793929,5.483908515084551,6.856796319198173,L340_D3.6_U340,r340/t3.6/t3.6_340.cif,68,0,lower
101,H102,H,1,0.6643316902067234,0.2910220769406986,0.2514806794794621,13.134120489133288,5.4864031635637245,6.870330848745409,L340_D3.6_U340,r340/t3.6/t3.6_340.cif,69,0,lower
97,H98,H,1,0.7625547704579109,0.3650526529975558,0.2652922195533695,15.083690205242483,6.851484197709972,7.247655460858201,L340_D3.6_U340,r340/t3.6/t3.6_340.cif,70,0,lower
61,H62,H,1,0.2629991963083631,0.3637459428389981,0.2658989920384011,5.719672632291867,6.827907372044865,7.264232192441365,L340_D3.6_U340,r340/t3.6/t3.6_340.cif,71,0,lower
35,C36,C,6,0.7655730571310769,0.3048675750225309,0.2684326660581545,15.070632997090948,5.750459570461044,7.333450944413117,L340_D3.6_U340,r340/t3.6/t3.6_340.cif,72,0,lower
11,C12,C,6,0.2653853925570514,0.3035553118499701,0.2686887866734484,5.694306577993756,5.726567367042593,7.340448036070001,L340_D3.6_U340,r340/t3.6/t3.6_340.cif,73,0,lower
128,O129,O,8,0.1961476517489073,0.2772883509436522,0.2777642750235942,4.376182004976145,5.250733860641731,7.588385999767638,L340_D3.6_U340,r340/t3.6/t3.6_340.cif,74,0,lower
146,O147,O,8,0.6967866386727921,0.2778885223943445,0.2781015221738421,13.760865063331794,5.261937911738957,7.597599429223911,L340_D3.6_U340,r340/t3.6/t3.6_340.cif,75,0,lower
98,H99,H,1,0.7963347691242955,0.2884055305130703,0.3004046326940814,15.668504543812356,5.468257049315812,8.206909649584967,L340_D3.6_U340,r340/t3.6/t3.6_340.cif,76,0,lower
62,H63,H,1,0.2956706874541003,0.2864011784884991,0.3007701370063732,6.282542935646297,5.431748422033576,8.216895051076984,L340_D3.6_U340,r340/t3.6/t3.6_340.cif,77,0,lower
81,H82,H,1,0.1522131782436178,0.2488467096537625,0.3345348881997222,3.5915071596655213,4.764103181409488,9.139331765515813,L340_D3.6_U340,r340/t3.6/t3.6_340.cif,78,1,upper
116,H117,H,1,0.6525706971793291,0.247440092490789,0.3357154481998894,12.96955078483411,4.7390450302619405,9.171584095216572,L340_D3.6_U340,r340/t3.6/t3.6_340.cif,79,1,upper
68,H69,H,1,0.885522455568242,0.3122364976244597,0.3414660547868849,17.42258772393134,5.929992131602935,9.328687893072589,L340_D3.6_U340,r340/t3.6/t3.6_340.cif,80,1,upper
104,H105,H,1,0.3860193293107754,0.3185193089547398,0.3417915845622952,8.068482479757957,6.04532778347578,9.337581209500774,L340_D3.6_U340,r340/t3.6/t3.6_340.cif,81,1,upper
134,O135,O,8,0.1165633830517253,0.2227436357155494,0.3546598902617937,2.917453658998198,4.298004311011435,9.6891371135223,L340_D3.6_U340,r340/t3.6/t3.6_340.cif,82,1,upper
152,O153,O,8,0.6167768535918877,0.2209729028421559,0.35540110182038,12.291781729182295,4.266005812103831,9.709386655741383,L340_D3.6_U340,r340/t3.6/t3.6_340.cif,83,1,upper
14,C15,C,6,0.8655090296970895,0.3151341226805707,0.3797565949750331,17.100679000751427,6.006419647523674,10.374766979602352,L340_D3.6_U340,r340/t3.6/t3.6_340.cif,84,1,upper
38,C39,C,6,0.3665598928275093,0.3206306833400757,0.3802349961856918,7.75619263322267,6.107439780312947,10.387836669896128,L340_D3.6_U340,r340/t3.6/t3.6_340.cif,85,1,upper
129,O130,O,8,0.799610487607138,0.2786084277651784,0.3828287008154923,15.824793264272268,5.338929747846243,10.458695429175515,L340_D3.6_U340,r340/t3.6/t3.6_340.cif,86,1,upper
147,O148,O,8,0.2990987521366079,0.2871622185755037,0.3829825056917984,6.45434190030437,5.495778228814579,10.462897304200512,L340_D3.6_U340,r340/t3.6/t3.6_340.cif,87,1,upper
72,H73,H,1,0.9020013653453418,0.4242610303986551,0.3849995955818221,17.925091753693007,8.009448015812797,10.51800322694896,L340_D3.6_U340,r340/t3.6/t3.6_340.cif,88,1,upper
107,H108,H,1,0.4074867253029508,0.4272838001105292,0.387920526272091,8.66385961410524,8.06662200088718,10.597801644346031,L340_D3.6_U340,r340/t3.6/t3.6_340.cif,89,1,upper
71,H72,H,1,0.806144656521255,0.4211218606248454,0.3892443964350729,16.130103466165558,7.954506220533,10.633969138561868,L340_D3.6_U340,r340/t3.6/t3.6_340.cif,90,1,upper
106,H107,H,1,0.3112804591264233,0.4282277120062603,0.391059750781354,6.865885898033112,8.085832303306967,10.683563743572778,L340_D3.6_U340,r340/t3.6/t3.6_340.cif,91,1,upper
17,C18,C,6,0.8571171748897181,0.3924236103250326,0.3988799344946876,17.062836959048948,7.434458647370106,10.897207390153431,L340_D3.6_U340,r340/t3.6/t3.6_340.cif,92,1,upper
41,C42,C,6,0.3609343065936142,0.3970172664036882,0.4007139975006248,7.770851316799804,7.519758219538578,10.947313106721062,L340_D3.6_U340,r340/t3.6/t3.6_340.cif,93,1,upper
19,C20,C,6,0.1121711205635957,0.2430232079010445,0.4043289887153885,2.9243750725881017,4.699901086874996,11.046072922831558,L340_D3.6_U340,r340/t3.6/t3.6_340.cif,94,1,upper
43,C44,C,6,0.6118090609387038,0.2405796658031373,0.4052364858704806,12.287307671684683,4.655674142293838,11.070865307330772,L340_D3.6_U340,r340/t3.6/t3.6_340.cif,95,1,upper
131,O132,O,8,0.9889302489319072,0.2913915555362913,0.4054477543517981,19.418213335115905,5.586969738108206,11.07663706032415,L340_D3.6_U340,r340/t3.6/t3.6_340.cif,96,1,upper
149,O150,O,8,0.4895830344710562,0.2915124768313327,0.4055506629160101,10.059195898043328,5.589248404814047,11.079448472655187,L340_D3.6_U340,r340/t3.6/t3.6_340.cif,97,1,upper
108,H109,H,1,0.5164901234141047,0.1805274761376419,0.4073746115393555,10.429972053809973,3.5564741889583185,11.129277869169604,L340_D3.6_U340,r340/t3.6/t3.6_340.cif,98,1,upper
73,H74,H,1,0.0183043949931808,0.1809833283612751,0.4075964686234195,1.093288835096382,3.5649631846425294,11.13533889768206,L340_D3.6_U340,r340/t3.6/t3.6_340.cif,99,1,upper
74,H75,H,1,0.1226020278632159,0.3009257640168585,0.4085787010525601,3.1962999980808933,5.76359877827856,11.162173013815876,L340_D3.6_U340,r340/t3.6/t3.6_340.cif,100,1,upper
109,H110,H,1,0.6229557397283637,0.2981861262421881,0.4098998196186552,12.572822148844423,5.714197628162857,11.19826533573214,L340_D3.6_U340,r340/t3.6/t3.6_340.cif,101,1,upper
103,H104,H,1,0.4087714071985115,0.2195789400054159,0.4139423427056291,8.467331793930944,4.276123260896206,11.308705116349444,L340_D3.6_U340,r340/t3.6/t3.6_340.cif,102,1,upper
67,H68,H,1,0.91058028359732,0.2168762038630269,0.4151903627419796,17.871078586637907,4.227353830445021,11.34280042169592,L340_D3.6_U340,r340/t3.6/t3.6_340.cif,103,1,upper
37,C38,C,6,0.4156805809531678,0.2784544734130371,0.4155338696550338,8.67099293530467,5.356032161476422,11.352184864852344,L340_D3.6_U340,r340/t3.6/t3.6_340.cif,104,1,upper
13,C14,C,6,0.915661805060522,0.2761372567309338,0.4157562497724632,18.03962594834297,5.313702858934216,11.358260182384033,L340_D3.6_U340,r340/t3.6/t3.6_340.cif,105,1,upper
75,H76,H,1,0.1580912437203968,0.1368584640320873,0.4215171854544288,3.6773412907017176,2.7648215638682583,11.515646166131855,L340_D3.6_U340,r340/t3.6/t3.6_340.cif,106,1,upper
18,C19,C,6,0.0341033798683214,0.2333254547408968,0.4221012589184151,1.4723177650406798,4.533009048977458,11.5316027714101,L340_D3.6_U340,r340/t3.6/t3.6_340.cif,107,1,upper
42,C43,C,6,0.5331925984603757,0.2321916883320463,0.4223455699396475,10.82570953376758,4.512380741486692,11.53827723065419,L340_D3.6_U340,r340/t3.6/t3.6_340.cif,108,1,upper
110,H111,H,1,0.655900475188727,0.1335956491159377,0.4224731692224864,13.005057882812872,2.7056103535403504,11.541763181507276,L340_D3.6_U340,r340/t3.6/t3.6_340.cif,109,1,upper
153,O154,O,8,0.2379941512982856,0.2024683406727964,0.4249529534114197,5.259767397269203,3.969265972700109,11.609509689297552,L340_D3.6_U340,r340/t3.6/t3.6_340.cif,110,1,upper
135,O136,O,8,0.7368473444366239,0.1976586118487389,0.4272417208536175,14.606885085623505,3.882518299182915,11.672037711713765,L340_D3.6_U340,r340/t3.6/t3.6_340.cif,111,1,upper
40,C41,C,6,0.2652207496838857,0.2719741621158205,0.430188159382219,5.861982301780374,5.24620276557276,11.752532990949064,L340_D3.6_U340,r340/t3.6/t3.6_340.cif,112,1,upper
16,C17,C,6,0.7650770710911797,0.2669513743699822,0.4303842147652975,15.224926914446566,5.154275759123334,11.75788912943738,L340_D3.6_U340,r340/t3.6/t3.6_340.cif,113,1,upper
20,C21,C,6,0.1630133349954107,0.192185813205502,0.4351530487058399,3.855032678933158,3.7870445840625626,11.888171372200794,L340_D3.6_U340,r340/t3.6/t3.6_340.cif,114,1,upper
119,H120,H,1,0.7218962237827692,0.3098212453486913,0.436134058926383,14.47553965568294,5.943401822460855,11.914972098185324,L340_D3.6_U340,r340/t3.6/t3.6_340.cif,115,1,upper
44,C45,C,6,0.6613530945175377,0.1887126315660783,0.4363082817998436,13.192693772950316,3.7240996232172874,11.919731783042907,L340_D3.6_U340,r340/t3.6/t3.6_340.cif,116,1,upper
70,H71,H,1,0.2213635756979377,0.3137168133423063,0.4370810004291536,5.1000204893128425,6.015367966665956,11.940842083235104,L340_D3.6_U340,r340/t3.6/t3.6_340.cif,117,1,upper
130,O131,O,8,0.8589617483871884,0.3836799773285204,0.451429122611036,17.154849384841683,7.30623743349158,12.33282585968981,L340_D3.6_U340,r340/t3.6/t3.6_340.cif,118,1,upper
148,O149,O,8,0.3611195897850442,0.3858234274296651,0.4530962208295795,7.828546542058404,7.346533386153572,12.378370178809892,L340_D3.6_U340,r340/t3.6/t3.6_340.cif,119,1,upper
12,C13,C,6,0.8809422057391775,0.3083702800796461,0.462747777222144,17.489285708790725,5.933024648881154,12.642046043530376,L340_D3.6_U340,r340/t3.6/t3.6_340.cif,120,1,upper
36,C37,C,6,0.381979426306266,0.3098065994301816,0.4631317482774724,8.139449067788718,5.959580216090789,12.652535947533767,L340_D3.6_U340,r340/t3.6/t3.6_340.cif,121,1,upper
111,H112,H,1,0.3050678636583545,0.1643667736586199,0.4721520064908397,6.531484584894234,3.2997788145559808,12.898965050537717,L340_D3.6_U340,r340/t3.6/t3.6_340.cif,122,1,upper
78,H79,H,1,0.0585591343411985,0.1195966212680198,0.4743009070627242,1.859116494984251,2.4806404917916405,12.95767197752894,L340_D3.6_U340,r340/t3.6/t3.6_340.cif,123,1,upper
133,O134,O,8,0.0241848934476063,0.2301588597217257,0.47435651452392,1.3503027354013133,4.506812276575427,12.959191146543692,L340_D3.6_U340,r340/t3.6/t3.6_340.cif,124,1,upper
151,O152,O,8,0.5222209892151927,0.2285889152601802,0.4745532807551018,10.683359956907552,4.47816170744029,12.964566705059273,L340_D3.6_U340,r340/t3.6/t3.6_340.cif,125,1,upper
113,H114,H,1,0.5550935130332356,0.1175871791429611,0.4747163560705505,11.163772320362932,2.4440690104464378,12.96902184400957,L340_D3.6_U340,r340/t3.6/t3.6_340.cif,126,1,upper
39,C40,C,6,0.3147918474595655,0.2685207748400359,0.4748951517417891,6.844844682469438,5.210151959103629,12.973906455496524,L340_D3.6_U340,r340/t3.6/t3.6_340.cif,127,1,upper
15,C16,C,6,0.8145817312579074,0.2658800628773682,0.4749832428693377,16.209321095002093,5.161812549313303,12.97631306260587,L340_D3.6_U340,r340/t3.6/t3.6_340.cif,128,1,upper
76,H77,H,1,0.8054525611229449,0.1614256563515591,0.4750068986743929,15.91032979867975,3.247619760781132,12.976959327788384,L340_D3.6_U340,r340/t3.6/t3.6_340.cif,129,1,upper
150,O151,O,8,0.3370706132283509,0.1950684875390238,0.4886279289179014,7.190277457911432,3.872448303394853,13.34907930323689,L340_D3.6_U340,r340/t3.6/t3.6_340.cif,130,1,upper
132,O133,O,8,0.8384287079824391,0.1932414033430601,0.4894898691784637,16.586146854241655,3.839490670261031,13.372627095354256,L340_D3.6_U340,r340/t3.6/t3.6_340.cif,131,1,upper
21,C22,C,6,0.1429878863403231,0.1894544936510458,0.4904411194469902,3.5480482092906773,3.7706721371538,13.398614793805931,L340_D3.6_U340,r340/t3.6/t3.6_340.cif,132,1,upper
45,C46,C,6,0.6401931208600665,0.1864518967571888,0.4914293387327561,12.864804508065587,3.7162492595166543,13.425612467974684,L340_D3.6_U340,r340/t3.6/t3.6_340.cif,133,1,upper
66,H67,H,1,0.91645666974219,0.3068868593745334,0.4934328912623922,18.19291219656367,5.924532968488807,13.480348556567783,L340_D3.6_U340,r340/t3.6/t3.6_340.cif,134,1,upper
102,H103,H,1,0.417795146697938,0.3064425100111413,0.4936634125961402,8.846219989184432,5.916530357114172,13.486646288201962,L340_D3.6_U340,r340/t3.6/t3.6_340.cif,135,1,upper
22,C23,C,6,0.0651265063008662,0.169152521655022,0.4954536176765835,2.070325851049852,3.401676489111785,13.535553827402223,L340_D3.6_U340,r340/t3.6/t3.6_340.cif,136,1,upper
46,C47,C,6,0.5618764004814735,0.1669689119922748,0.4959902412924043,11.378964956507316,3.3619870725818903,13.550214125718462,L340_D3.6_U340,r340/t3.6/t3.6_340.cif,137,1,upper
69,H70,H,1,0.78238517114083,0.291961004883095,0.5052515665528293,15.677049637173518,5.658205073878358,13.80322906415694,L340_D3.6_U340,r340/t3.6/t3.6_340.cif,138,1,upper
105,H106,H,1,0.2831873566978707,0.2943534263285023,0.5054874871540057,6.323786552699272,5.702191754835513,13.80967430117265,L340_D3.6_U340,r340/t3.6/t3.6_340.cif,139,1,upper
77,H78,H,1,0.1789262461195938,0.14799768886349,0.508201181772787,4.193907540827352,3.0217636566989854,13.883811129067652,L340_D3.6_U340,r340/t3.6/t3.6_340.cif,140,1,upper
82,H83,H,1,0.1080274484468165,0.2874316443839748,0.5082767498002856,3.0358932780761627,5.577043984207202,13.885875611124792,L340_D3.6_U340,r340/t3.6/t3.6_340.cif,141,1,upper
117,H118,H,1,0.6059859300042921,0.2850523998743758,0.5084626227019615,12.36649058765073,5.533555734177284,13.890953569133227,L340_D3.6_U340,r340/t3.6/t3.6_340.cif,142,1,upper
112,H113,H,1,0.6755200301129347,0.1449414770595782,0.5096640691741104,13.499753283169056,2.9666474089513515,13.923776507172873,L340_D3.6_U340,r340/t3.6/t3.6_340.cif,143,1,upper
136,O137,O,8,0.151656773835007,0.2567239769646287,0.5140727112505896,3.8235528650945994,5.017833258020914,14.044218481967144,L340_D3.6_U340,r340/t3.6/t3.6_340.cif,144,1,upper
154,O155,O,8,0.6494013439336228,0.2541526232074687,0.5145175137401312,13.150241348236188,4.970982196505313,14.056370271408072,L340_D3.6_U340,r340/t3.6/t3.6_340.cif,145,1,upper
118,H119,H,1,0.4274847158886069,0.1585164673177067,0.5274160954177436,8.890455331241428,3.226233930490826,14.4087533005465,L340_D3.6_U340,r340/t3.6/t3.6_340.cif,146,1,upper
83,H84,H,1,0.9317913844035324,0.1574325804423297,0.5281571115595122,18.342343338803257,3.206822292809404,14.428997504072388,L340_D3.6_U340,r340/t3.6/t3.6_340.cif,147,1,upper
155,O156,O,8,0.4601603541470307,0.1254513247634553,0.545867261337583,9.48633379139184,2.631530118726634,14.91283025260812,L340_D3.6_U340,r340/t3.6/t3.6_340.cif,148,1,upper
137,O138,O,8,0.9656986409492444,0.1249017003602447,0.545952074399904,18.961109377999783,2.6215094970233284,14.91514730455679,L340_D3.6_U340,r340/t3.6/t3.6_340.cif,149,1,upper
23,C24,C,6,0.0329880711881715,0.1562257755174506,0.5468292548237125,1.5187479625527118,3.196081596624987,14.939111450582166,L340_D3.6_U340,r340/t3.6/t3.6_340.cif,150,1,upper
47,C48,C,6,0.5284748503473957,0.1546969246248391,0.5471235880712101,10.804200017958657,3.1682435357919987,14.947152492917027,L340_D3.6_U340,r340/t3.6/t3.6_340.cif,151,1,upper
80,H81,H,1,0.0685341159620351,0.1168722571988708,0.5666253731822236,2.162470156477591,2.4869578057883013,15.47993185446135,L340_D3.6_U340,r340/t3.6/t3.6_340.cif,152,1,upper
79,H80,H,1,0.0292668010830878,0.2078746713458885,0.5669369944884538,1.538324510214047,4.154836753885709,15.488445198221005,L340_D3.6_U340,r340/t3.6/t3.6_340.cif,153,1,upper
115,H116,H,1,0.5627096649899809,0.1143594671904384,0.5671364999608005,11.42242196065114,2.441220374196304,15.493895591483795,L340_D3.6_U340,r340/t3.6/t3.6_340.cif,154,1,upper
114,H115,H,1,0.5259280598348723,0.2062906407068271,0.5672668637880397,10.845768428422373,4.126009130130462,15.497457068356276,L340_D3.6_U340,r340/t3.6/t3.6_340.cif,155,1,upper
